268.7199707
285.2639771
257.60849
270.9460449
263.0909119
269.7372131
275.9425049
282.1184387
286.0016174
282.2372742
281.3609314
284.9348755
284.9994812
269.9881592
273.1417236
274.3265381
279.6412659
284.9244385
271.9242554
272.9599915
279.0609741
278.7977295
277.6783142
275.962616
282.2979431
284.0663147
287.1366272
289.3423767
291.6388855
295.0338135
288.586792
293.8674927
286.0646057
287.7093201
297.4918213
282.461731
281.1979065
277.9621277
294.8518982
282.9901123
282.827179
287.2301941
293.0196838
296.2219543
296.9044495
297.5657959
295.9524231
297.3086853
292.0193481
298.5747681
303.2183533
306.8077393
307.3828125
305.883667
307.6262512
323.0494995
315.8657837
322.0194092
320.5928345
318.099823
306.2488098
301.8403015
300.4754639
311.675293
314.2000732
309.2687073
315.5512085
285.1728821
273.9040527
268.9841614
268.2006531
278.6360779
282.9334717
285.4554138
298.9177551
303.0069275
301.63797
305.794342
311.8500366
304.9554749
303.2851257
307.9362488
319.4284668
316.8469238
296.3237915
306.3127441
290.8783569
294.8009338
273.0503235
276.7916565
299.9324341
293.8842163
276.6977539
286.3834229
273.8818665
273.6425781
304.1149597
318.9919434
274.6671143
261.7459412
260.4810181
263.4309692
286.3883057
287.1510315
300.8122253
254.5602875
257.8513489
242.6249847
256.9362183
270.5480652
270.4858704
294.0067139
277.9204712
273.006073
299.5497131
302.2439575
309.0705261
301.2600098
271.2307739
262.4052124
250.2114868
249.555481
264.1473389
279.886261
278.1018982
250.2130127
248.9914093
271.9357605
284.441864
287.9786682
296.7568665
267.2125244
279.9835815
285.4547119
257.2907715
260.6815491
264.1514893
281.5686035
276.7054138
269.1578064
259.537262
256.0016174
255.0156555
242.8966675
238.4922943
236.7441101
243.8820496
262.4882507
259.3180847
246.4779968
237.12883
227.8573914
215.9933624
184.9107819
185.4577789
196.5112457
230.7902222
238.532959
230.6974945
220.950119
207.8999481
202.2188721
205.0213013
216.8447571
234.9329529
245.3582764
256.6914063
242.3714294
207.1713715
215.4372864
245.8768158
265.9569397
271.7178345
280.2811584
265.6572571
239.605957
224.6027222
215.1988678
212.0338898
214.4253082
218.1286316
220.7905121
222.6210938
230.0543365
233.8636475
236.9138489
230.3937225
231.2017212
228.7470551
228.1275482
232.7327728
249.5431213
260.8067627
251.5566101
250.6667175
254.9870911
251.8036957
250.6756439
256.5250854
256.6430969
257.2146301
255.2601013
256.5246887
259.5428162
258.2281799
259.3289185
260.7712097
258.0055847
257.1643677
258.7264099
260.22995
260.387085
260.0969849
261.8193665
259.7987061
260.6627197
263.1113586
259.9558411
263.776001
261.1306763
263.6740112
262.1033325
262.415802
261.0794983
264.7030945
265
265.3213806
262.4529419
263.860321
266.2487488
264.3005981
267.2190552
267.0350952
267.0080566
267.0288696
261.5448914
263.7116699
274.2090759
273.6159668
278.0517578
283.6363831
275.8121338
265.8270264
270.9406128
275.2658997
279.0201111
279.104126
280.9440613
286.1087341
278.5662537
273.2619934
285.7011108
274.1287231
268.7054138
263.518158
264.2622986
264.3128662
271.2639771
278.1414795
281.7302856
277.6890259
269.1765747
267.2145691
260.6678467
261.4907837
268.2617798
274.2400818
267.5256348
265.7396851
272.354187
282.2394714
280.6123657
284
281.016571
281.1449585
283.2565308
280.1229553
268.292572
269.1164551
273.1784973
279.3929443
270.2438354
257.091156
255.3886719
260.0597229
272.5716248
272.8825378
274.1408081
272.2746887
270.2165833
268.3688354
269.8868408
266.9590454
272.5246887
268.5979004
270.437561
265.9353027
266.304718
272.8722534
269.6104736
274.5570679
274.3066406
267.9703369
273.8407593
275.5856628
271.1394958
272.3976746
269.2486877
280.2893372
277.7741394
272.689209
274.950531
268.6000671
270.9490967
275.0028076
272.1767883
270.4427795
274.1027222
274.7203369
276.6246948
279.9776611
280.3862305
269.459198
269.9763794
275.7026367
282.1607361
279.222229
272.8373108
273.9163208
270.5551147
265.1122742
266.7850037
272.9683838
271.356781
271.163269
273.0333252
276.4392395
277.921814
277.9092712
280.8946228
281.5400696
281.8573608
286.3919983
283.5458374
279.5776062
280.5872498
279.4962158
273.1901855
274.8668213
279.9174805
282.9741821
281.5260925
283.0455627
281.1257935
283.5885315
284.4824219
281.2194519
282.724823
276.2583008
280.4953003
285.0709229
280.7767944
280.7627258
281.3815002
279.2054749
281.6641235
282.3366699
281.6291199
284.2104797
286.8803711
282.0475769
281.8094482
283.085907
286.5119629
282.5991516
283.5349426
280.3946228
286.4735413
286.6702881
282.7207947
286.0145264
285.2089844
284.0684204
283.4169312
284.456543
285.8637695
288.3736877
286.1309204
285.509491
289.3854675
289.4518433
285.1894226
289.4128723
287.1930237
286.4750366
283.5388489
286.2511597
288.081665
287.0617981
291.4754639
291.7961121
290.8500671
288.2853088
287.2478638
288.066864
291.1333923
291.559967
293.3783264
290.8839111
292.9882813
289.9959717
291.5115967
294.3996277
293.9919739
293.1539307
289.5388489
290.0340271
292
288.5101013
292.1039124
293.3884583
288.5956116
290.9929504
294.2651367
293.7684326
295.3794861
295.6185303
294.3813477
294.8327026
294.9204712
293.7022095
294.57547
293.8928528
292.9786987
297.4196777
297.7505493
299.4711609
298.3954773
298.3015442
295.6694946
296.2171021
296.1931152
297.0426331
297.8682251
295.6982117
296.9775391
296.3206177
296.7678223
300.6925354
299.2931213
297.8806152
298.1013489
295.8706665
301.2194519
300.0211182
298.1488342
296.3057861
296.0439148
298.1680298
296.6696167
299.2875671
301.7443542
297.3826294
299.9592896
299.5317993
299.2211609
302.3458862
299.8963928
300.0597534
301.1227722
299.4434204
302.2675781
302.8982239
303.3041382
300.2072144
302.9649353
301.6516113
303.263031
303.4045105
302.025116
303.8288269
305.4533386
304.40271
306.2548218
303.378418
305.6846313
305.9176025
305.0765076
305
306.7099304
307.881958
305.7811279
303.5915527
301.4721985
304.9661865
303.4243774
305
303.3341675
301.7372437
300.4112854
302.4321899
303.1362305
304.5524292
304.5267029
303.885437
303.3086853
303.7463074
304.9311523
304.9888916
304.0705872
303.6173401
304.977356
