0
936.6366287
1873.273257
2809.909886
3746.546515
4683.183143
5619.819772
6556.456401
7493.09303
8429.729658
9366.366287
10303.00292
11239.63954
12176.27617
13112.9128
14049.54943
14986.18606
15922.82269
16859.45932
17796.09595
18732.73257
19669.3692
20606.00583
21542.64246
22479.27909
23415.91572
24352.55235
25289.18897
26225.8256
27162.46223
28099.09886
29035.73549
29972.37212
30909.00875
31845.64538
32782.282
33718.91863
34655.55526
35592.19189
36528.82852
37465.46515
38402.10178
39338.73841
40275.37503
41212.01166
42148.64829
43085.28492
44021.92155
44958.55818
45895.19481
46831.83143
47768.46806
48705.10469
49641.74132
50578.37795
51515.01458
52451.65121
53388.28784
54324.92446
55261.56109
56198.19772
57134.83435
58071.47098
59008.10761
59944.74424
60881.38087
61818.01749
62754.65412
63691.29075
64627.92738
65564.56401
66501.20064
67437.83727
68374.47389
69311.11052
70247.74715
71184.38378
72121.02041
73057.65704
73994.29367
74930.9303
75867.56692
76804.20355
77740.84018
78677.47681
79614.11344
80550.75007
81487.3867
82424.02333
83360.65995
84297.29658
85233.93321
86170.56984
87107.20647
88043.8431
88980.47973
89917.11635
90853.75298
91790.38961
92727.02624
93663.66287
94600.2995
95536.93613
96473.57276
97410.20938
98346.84601
99283.48264
100220.1193
101156.7559
102093.3925
103030.0292
103966.6658
104903.3024
105839.939
106776.5757
107713.2123
108649.8489
109586.4856
110523.1222
111459.7588
112396.3954
113333.0321
114269.6687
115206.3053
116142.942
117079.5786
118016.2152
118952.8518
119889.4885
120826.1251
121762.7617
122699.3984
123636.035
124572.6716
125509.3082
126445.9449
127382.5815
128319.2181
129255.8548
130192.4914
131129.128
132065.7646
133002.4013
133939.0379
134875.6745
135812.3112
136748.9478
137685.5844
138622.221
139558.8577
140495.4943
141432.1309
142368.7676
143305.4042
144242.0408
145178.6774
146115.3141
147051.9507
147988.5873
148925.224
149861.8606
150798.4972
151735.1338
152671.7705
153608.4071
154545.0437
155481.6804
156418.317
157354.9536
158291.5902
159228.2269
160164.8635
161101.5001
162038.1368
162974.7734
163911.41
164848.0467
165784.6833
166721.3199
167657.9565
168594.5932
169531.2298
170467.8664
171404.5031
172341.1397
173277.7763
174214.4129
175151.0496
176087.6862
177024.3228
177960.9595
178897.5961
179834.2327
180770.8693
181707.506
182644.1426
183580.7792
184517.4159
185454.0525
186390.6891
187327.3257
188263.9624
189200.599
190137.2356
191073.8723
192010.5089
192947.1455
193883.7821
194820.4188
195757.0554
196693.692
197630.3287
198566.9653
199503.6019
200440.2385
201376.8752
202313.5118
203250.1484
204186.7851
205123.4217
206060.0583
206996.6949
207933.3316
208869.9682
209806.6048
210743.2415
211679.8781
212616.5147
213553.1513
214489.788
215426.4246
216363.0612
217299.6979
218236.3345
219172.9711
220109.6077
221046.2444
221982.881
222919.5176
223856.1543
224792.7909
225729.4275
226666.0641
227602.7008
228539.3374
229475.974
230412.6107
231349.2473
232285.8839
233222.5205
234159.1572
235095.7938
236032.4304
236969.0671
237905.7037
238842.3403
239778.9769
240715.6136
241652.2502
242588.8868
243525.5235
244462.1601
245398.7967
246335.4333
247272.07
248208.7066
249145.3432
250081.9799
251018.6165
251955.2531
252891.8897
253828.5264
254765.163
255701.7996
256638.4363
257575.0729
258511.7095
259448.3461
260384.9828
261321.6194
262258.256
263194.8927
264131.5293
265068.1659
266004.8026
266941.4392
267878.0758
268814.7124
269751.3491
270687.9857
271624.6223
272561.259
273497.8956
274434.5322
275371.1688
276307.8055
277244.4421
278181.0787
279117.7154
280054.352
280990.9886
281927.6252
282864.2619
283800.8985
284737.5351
285674.1718
286610.8084
287547.445
288484.0816
289420.7183
290357.3549
291293.9915
292230.6282
293167.2648
294103.9014
295040.538
295977.1747
296913.8113
297850.4479
298787.0846
299723.7212
300660.3578
301596.9944
302533.6311
303470.2677
304406.9043
305343.541
306280.1776
307216.8142
308153.4508
309090.0875
310026.7241
310963.3607
311899.9974
312836.634
313773.2706
314709.9072
315646.5439
316583.1805
317519.8171
318456.4538
319393.0904
320329.727
321266.3636
322203.0003
323139.6369
324076.2735
325012.9102
325949.5468
326886.1834
327822.82
328759.4567
329696.0933
330632.7299
331569.3666
332506.0032
333442.6398
334379.2764
335315.9131
336252.5497
337189.1863
338125.823
339062.4596
339999.0962
340935.7328
341872.3695
342809.0061
343745.6427
344682.2794
345618.916
346555.5526
347492.1892
348428.8259
349365.4625
350302.0991
351238.7358
352175.3724
353112.009
354048.6456
354985.2823
355921.9189
356858.5555
357795.1922
358731.8288
359668.4654
360605.102
361541.7387
362478.3753
363415.0119
364351.6486
365288.2852
366224.9218
367161.5584
368098.1951
369034.8317
369971.4683
370908.105
371844.7416
372781.3782
373718.0149
374654.6515
375591.2881
376527.9247
377464.5614
378401.198
379337.8346
380274.4713
381211.1079
382147.7445
383084.3811
384021.0178
384957.6544
385894.291
386830.9277
387767.5643
388704.2009
389640.8375
390577.4742
391514.1108
392450.7474
393387.3841
394324.0207
395260.6573
396197.2939
397133.9306
398070.5672
399007.2038
399943.8405
400880.4771
401817.1137
402753.7503
403690.387
404627.0236
405563.6602
406500.2969
407436.9335
408373.5701
409310.2067
410246.8434
411183.48
412120.1166
413056.7533
413993.3899
414930.0265
415866.6631
416803.2998
417739.9364
418676.573
419613.2097
420549.8463
421486.4829
422423.1195
423359.7562
424296.3928
425233.0294
426169.6661
427106.3027
428042.9393
428979.5759
429916.2126
430852.8492
431789.4858
432726.1225
433662.7591
434599.3957
435536.0323
436472.669
437409.3056
438345.9422
439282.5789
440219.2155
441155.8521
442092.4887
443029.1254
443965.762
444902.3986
445839.0353
446775.6719
447712.3085
448648.9451
449585.5818
450522.2184
451458.855
452395.4917
453332.1283
454268.7649
455205.4015
456142.0382
457078.6748
458015.3114
458951.9481
459888.5847
460825.2213
461761.8579
462698.4946
463635.1312
464571.7678
465508.4045
466445.0411
467381.6777
468318.3143
469254.951
470191.5876
471128.2242
472064.8609
473001.4975
473938.1341
474874.7707
475811.4074
476748.044
477684.6806
478621.3173
